[{"id": 0, "img_name": "r_0", "width": 800, "height": 800, "position": [-0.0, 2.737260103225708, 2.9592916965484615], "rotation": [[-1.0, -0.0, -0.0], [0.0, 0.7341099977493286, -0.6790306568145753], [-0.0, -0.6790306568145752, -0.734109938144684]], "fy": 1111.1110311937682, "fx": 1111.1110311937682}, {"id": 1, "img_name": "r_1", "width": 800, "height": 800, "position": [-0.17187398672103876, 2.731858730316162, 2.9592916965484615], "rotation": [[-0.9980267286300659, -0.04609514772891998, 0.042636688798666], [-0.06279052048921585, 0.7326614260673523, -0.6776907444000245], [-3.725289844321297e-09, -0.6790306568145753, -0.7341099381446838]], "fy": 1111.1110311937682, "fx": 1111.1110311937682}, {"id": 2, "img_name": "r_2", "width": 800, "height": 800, "position": [-0.3431337177753448, 2.7161829471588135, 2.958819150924682], "rotation": [[-0.9921147227287291, -0.09199368208646772, 0.08512099832296369], [-0.125333234667778, 0.7282049655914307, -0.6738020777702332], [1.5747272651142903e-17, -0.6791574358940126, -0.7339926958084109]], "fy": 1111.1110311937682, "fx": 1111.1110311937682}, {"id": 3, "img_name": "r_3", "width": 800, "height": 800, "position": [-0.5132942199707031, 2.6907823085784917, 2.9574005603790283], "rotation": [[-0.9822872281074524, -0.13747060298919675, 0.1273326277732849], [-0.18738132715225217, 0.7206460237503051, -0.6675009727478027], [1.4901158491526967e-08, -0.6795374155044555, -0.7336407899856566]], "fy": 1111.1110311937682, "fx": 1111.1110311937682}, {"id": 4, "img_name": "r_4", "width": 800, "height": 800, "position": [-0.6818711757659912, 2.6557128429412837, 2.9550364017486577], "rotation": [[-0.9685832262039185, -0.18230322003364566, 0.16915144026279452], [-0.24868993461132052, 0.7100240588188172, -0.6588013172149658], [7.450580620802567e-09, -0.6801699995994569, -0.7330543994903564]], "fy": 1111.1110311937682, "fx": 1111.1110311937682}, {"id": 5, "img_name": "r_5", "width": 800, "height": 800, "position": [-0.8483804464340209, 2.611046314239502, 2.9517261981964116], "rotation": [[-0.9510564804077148, -0.22627252340316772, 0.21045726537704462], [-0.30901700258255, 0.6963951587677002, -0.6477208137512207], [1.4901159389643785e-08, -0.6810540556907655, -0.7322331070899964]], "fy": 1111.1110311937682, "fx": 1111.1110311937682}, {"id": 6, "img_name": "r_6", "width": 800, "height": 800, "position": [-1.012337446212768, 2.556872606277465, 2.9474692344665523], "rotation": [[-0.9297765493392944, -0.2691642343997956, 0.25113001465797424], [-0.3681245744228363, 0.6798312664031985, -0.6342819929122924], [-1.5085614642495528e-17, -0.6821876764297484, -0.7311770915985106]], "fy": 1111.1110311937682, "fx": 1111.1110311937682}, {"id": 7, "img_name": "r_7", "width": 800, "height": 800, "position": [-1.1732574701309204, 2.493299007415772, 2.9422655105590825], "rotation": [[-0.9048271179199219, -0.31077042222023016, 0.2910493612289429], [-0.4257793426513672, 0.6604207754135132, -0.6185113787651063], [-3.97857431579844e-18, -0.6835686564445494, -0.7298862338066102]], "fy": 1111.1110311937682, "fx": 1111.1110311937682}, {"id": 8, "img_name": "r_8", "width": 800, "height": 800, "position": [-1.3306550979614256, 2.4204523563385005, 2.936114311218261], "rotation": [[-0.8763065934181213, -0.3508902788162232, 0.33009490370750416], [-0.4817536771297455, 0.6382669210433961, -0.6004403233528135], [1.490116030303319e-08, -0.6851942539215087, -0.7283602952957152]], "fy": 1111.1110311937682, "fx": 1111.1110311937682}, {"id": 9, "img_name": "r_9", "width": 800, "height": 800, "position": [-1.4840440750122066, 2.3384790420532227, 2.9290149211883536], "rotation": [[-0.8443279862403869, -0.3893313109874726, 0.3681460320949554], [-0.5358268618583679, 0.6134878993034365, -0.5801052451133728], [4.818329875730505e-17, -0.6870615482330321, -0.7265991568565368]], "fy": 1111.1110311937682, "fx": 1111.1110311937682}, {"id": 10, "img_name": "r_10", "width": 800, "height": 800, "position": [-1.6329382658004759, 2.247546434402466, 2.9209671020507817], "rotation": [[-0.8090169429779052, -0.42591086030006403, 0.4050821363925933], [-0.5877853631973267, 0.5862158536911011, -0.5575476288795471], [1.4901161263487684e-08, -0.6891666650772095, -0.72460275888443]], "fy": 1111.1110311937682, "fx": 1111.1110311937682}, {"id": 11, "img_name": "r_11", "width": 800, "height": 800, "position": [-1.7768508195877073, 2.147843360900879, 2.9119701385498047], "rotation": [[-0.7705132961273193, -0.4604564905166626, 0.44078242778778076], [-0.6374240517616271, 0.5565962195396424, -0.5328143835067749], [1.490116299672635e-08, -0.6915058493614197, -0.7223708629608153]], "fy": 1111.1110311937682, "fx": 1111.1110311937682}, {"id": 12, "img_name": "r_12", "width": 800, "height": 800, "position": [-1.915296196937561, 2.0395827293396, 2.902023792266845], "rotation": [[-0.7289685010910033, -0.4928078949451446, 0.4751265048980713], [-0.6845471858978273, 0.5247869491577147, -0.5059581995010376], [-1.49011612964882e-08, -0.6940740942955016, -0.7199034690856934]], "fy": 1111.1110311937682, "fx": 1111.1110311937682}, {"id": 13, "img_name": "r_13", "width": 800, "height": 800, "position": [-2.047789812088013, 1.923002123832703, 2.8911278247833256], "rotation": [[-0.6845470666885376, -0.5228167772293091, 0.5079941153526305], [-0.7289687395095825, 0.4909575283527375, -0.47703811526298523], [-1.7144888291111443e-16, -0.696866810321808, -0.717200517654419]], "fy": 1111.1110311937682, "fx": 1111.1110311937682}, {"id": 14, "img_name": "r_14", "width": 800, "height": 800, "position": [-2.17384934425354, 1.7983639240264895, 2.8792822360992427], "rotation": [[-0.6374238729476929, -0.550348401069641, 0.5392656326293945], [-0.7705133557319641, 0.4552876353263855, -0.4461191892623902], [-4.87961282544041e-18, -0.6998783946037291, -0.7142620086669921]], "fy": 1111.1110311937682, "fx": 1111.1110311937682}, {"id": 15, "img_name": "r_15", "width": 800, "height": 800, "position": [-2.2929964065551762, 1.6659585237503054, 2.866487503051758], "rotation": [[-0.5877850651741028, -0.5752823352813722, 0.5688223838806153], [-0.8090171813964844, 0.4179668724536896, -0.41327345371246343], [-4.856664654374178e-17, -0.7031029462814332, -0.7110880017280578]], "fy": 1111.1110311937682, "fx": 1111.1110311937682}, {"id": 16, "img_name": "r_16", "width": 800, "height": 800, "position": [-2.404757022857666, 1.526104688644409, 2.8527438640594474], "rotation": [[-0.5358266830444336, -0.5975127816200256, 0.596546769142151], [-0.8443280458450317, 0.3791930675506592, -0.37857997417449946], [-2.9802325966360916e-08, -0.7065343856811523, -0.7076786160469054]], "fy": 1111.1110311937682, "fx": 1111.1110311937682}, {"id": 17, "img_name": "r_17", "width": 800, "height": 800, "position": [-2.508665323257446, 1.3791497945785522, 2.838052749633788], "rotation": [[-0.4817534685134888, -0.6169499158859253, 0.6223232746124266], [-0.8763067722320557, 0.33917090296745295, -0.3421249389648437], [1.490116119370993e-08, -0.7101659774780273, -0.7040342092514038]], "fy": 1111.1110311937682, "fx": 1111.1110311937682}, {"id": 18, "img_name": "r_18", "width": 800, "height": 800, "position": [-2.6042633056640634, 1.2254726886749268, 2.822415590286255], "rotation": [[-0.42577904462814326, -0.6335194110870361, 0.6460382342338563], [-0.9048271179199219, 0.2981114089488982, -0.3040023446083069], [1.4901159438569405e-08, -0.7139907479286194, -0.7001551389694214]], "fy": 1111.1110311937682, "fx": 1111.1110311937682}, {"id": 19, "img_name": "r_19", "width": 800, "height": 800, "position": [-2.691104412078857, 1.06548273563385, 2.8058338165283203], "rotation": [[-0.36812427639961237, -0.6471632719039917, 0.6675808429718016], [-0.9297766089439391, 0.25622984766960144, -0.2643137276172638], [9.258445938102483e-19, -0.7180013656616211, -0.6960417032241821]], "fy": 1111.1110311937682, "fx": 1111.1110311937682}, {"id": 20, "img_name": "r_20", "width": 800, "height": 800, "position": [-2.7687544822692876, 0.8996220827102661, 2.788311004638671], "rotation": [[-0.3090167343616485, -0.6578408479690551, 0.6868434548377992], [-0.9510565996170043, 0.21374526619911194, -0.22316877543926236], [-6.806003662833631e-19, -0.7221898436546325, -0.6916947960853577]], "fy": 1111.1110311937682, "fx": 1111.1110311937682}, {"id": 21, "img_name": "r_21", "width": 800, "height": 800, "position": [-2.8367969989776616, 0.7283647656440736, 2.7698497772216797], "rotation": [[-0.2486896216869354, -0.6655282974243163, 0.7037227153778075], [-0.9685832262039183, 0.17087841033935544, -0.18068505823612213], [1.0532526351384585e-17, -0.7265485525131226, -0.6871151328086853]], "fy": 1111.1110311937682, "fx": 1111.1110311937682}, {"id": 22, "img_name": "r_22", "width": 800, "height": 800, "position": [-2.8948326110839857, 0.5522178411483764, 2.750454425811767], "rotation": [[-0.1873809993267059, -0.6702184677124022, 0.7181195616722107], [-0.9822872877120972, 0.12785077095031733, -0.13698838651180267], [7.45058060504173e-09, -0.731068730354309, -0.682303786277771]], "fy": 1111.1110311937682, "fx": 1111.1110311937682}, {"id": 23, "img_name": "r_23", "width": 800, "height": 800, "position": [-2.9424843788146973, 0.37172117829322815, 2.7301297187805176], "rotation": [[-0.12533290684223172, -0.6719213724136351, 0.7299404740333557], [-0.9921148419380187, 0.0848831757903099, -0.09221266955137251], [-3.725290743983999e-09, -0.7357420325279236, -0.6772617697715759]], "fy": 1111.1110311937682, "fx": 1111.1110311937682}, {"id": 24, "img_name": "r_24", "width": 800, "height": 800, "position": [-2.979399681091309, 0.18744681775569913, 2.7088818550109863], "rotation": [[-0.062790147960186, -0.6706649065017699, 0.739098072052002], [-0.9980267882347107, 0.04219441115856171, -0.04649983346462249], [-1.86264514831303e-09, -0.7405593991279601, -0.6719908714294434]], "fy": 1111.1110311937682, "fx": 1111.1110311937682}, {"id": 25, "img_name": "r_25", "width": 800, "height": 800, "position": [-3.00525403022766, -1.206126285069331e-06, 2.6867170333862305], "rotation": [[4.0133920720109023e-07, -0.6664924621582032, 0.7455117702484132], [-1.0, -2.674895540621947e-07, 2.992030943005375e-07], [3.455462877342747e-23, -0.7455117702484132, -0.6664924621582031]], "fy": 1111.1110311937682, "fx": 1111.1110311937682}, {"id": 26, "img_name": "r_26", "width": 800, "height": 800, "position": [-3.019752979278564, -0.18998804688453672, 2.6636435985565186], "rotation": [[0.06279095262289046, -0.6594647169113158, 0.7491084933280945], [-0.9980267882347106, -0.04149028658866882, 0.04713023453950882], [2.3378968165727962e-18, -0.7505896687507629, -0.6607686281204224]], "fy": 1111.1110311937682, "fx": 1111.1110311937682}, {"id": 27, "img_name": "r_27", "width": 800, "height": 800, "position": [-3.0226366519927987, -0.38184922933578486, 2.6396698951721187], "rotation": [[0.12533369660377502, -0.6496580839157108, 0.7498238086700438], [-0.9921146631240845, -0.08207120746374129, 0.09472512453794478], [1.0967492169150962e-17, -0.7557835578918458, -0.6548214554786682]], "fy": 1111.1110311937682, "fx": 1111.1110311937682}, {"id": 28, "img_name": "r_28", "width": 800, "height": 800, "position": [-3.0136830806732178, -0.5748922824859619, 2.6148066520690914], "rotation": [[0.18738175928592682, -0.6371641755104066, 0.7476027607917787], [-0.9822871088981628, -0.12154587358236313, 0.1426132172346115], [9.639013304229549e-18, -0.7610836625099182, -0.6486536860466002]], "fy": 1111.1110311937682, "fx": 1111.1110311937682}, {"id": 29, "img_name": "r_29", "width": 800, "height": 800, "position": [-2.9927091598510738, -0.7683987617492675, 2.589064359664917], "rotation": [[0.24869039654731745, -0.6220898032188416, 0.742399752140045], [-0.9685831069946288, -0.1597258448600769, 0.19061626493930814], [-7.450581499466338e-09, -0.766480267047882, -0.6422678232192993]], "fy": 1111.1110311937682, "fx": 1111.1110311937682}, {"id": 30, "img_name": "r_30", "width": 800, "height": 800, "position": [-2.95957636833191, -0.9616263508796693, 2.5624563694000244], "rotation": [[0.30901750922203064, -0.6045553088188171, 0.7341805100440979], [-0.9510563611984253, -0.19643229246139532, 0.238550141453743], [3.719051531894574e-18, -0.7719632387161255, -0.6356672048568726]], "fy": 1111.1110311937682, "fx": 1111.1110311937682}, {"id": 31, "img_name": "r_31", "width": 800, "height": 800, "position": [-2.914191722869874, -1.1538120508193968, 2.5349960327148438], "rotation": [[0.3681250810623169, -0.5846945643424987, 0.7229219675064088], [-0.9297763109207152, -0.2314973622560501, 0.2862255275249481], [1.4901161213398987e-08, -0.7775224447250366, -0.6288551092147826]], "fy": 1111.1110311937682, "fx": 1111.1110311937682}, {"id": 32, "img_name": "r_32", "width": 800, "height": 800, "position": [-2.8565111160278325, -1.3441742658615112, 2.506698846817017], "rotation": [[0.4257798790931702, -0.5626533627510071, 0.7086131572723388], [-0.9048268795013429, -0.26476499438285833, 0.333448588848114], [-1.490116298402362e-08, -0.7831478118896485, -0.6218354701995851]], "fy": 1111.1110311937682, "fx": 1111.1110311937682}, {"id": 33, "img_name": "r_33", "width": 800, "height": 800, "position": [-2.786542892456055, -1.5319170951843262, 2.4775812625885005], "rotation": [[0.481754183769226, -0.538588762283325, 0.6912562251091003], [-0.8763064742088318, -0.2960920631885528, 0.38002184033393854], [-1.490116121045007e-08, -0.7888293862342832, -0.6146122813224792]], "fy": 1111.1110311937682, "fx": 1111.1110311937682}, {"id": 34, "img_name": "r_34", "width": 800, "height": 800, "position": [-2.704347133636475, -1.7162333726882935, 2.447661876678467], "rotation": [[0.535827398300171, -0.5126674771308899, 0.6708659529685976], [-0.8443276882171631, -0.32534912228584295, 0.4257450997829437], [-1.4901162980548075e-08, -0.7945564985275269, -0.6071901917457581]], "fy": 1111.1110311937682, "fx": 1111.1110311937682}, {"id": 35, "img_name": "r_35", "width": 800, "height": 800, "position": [-2.6100413799285898, -1.8963086605072021, 2.4169602394103995], "rotation": [[0.5877857804298401, -0.4850653409957886, 0.6474715471267702], [-0.8090166449546813, -0.3524211049079894, 0.4704162776470184], [1.4901161201640158e-08, -0.8003191947937011, -0.5995740294456481]], "fy": 1111.1110311937682, "fx": 1111.1110311937682}, {"id": 36, "img_name": "r_36", "width": 800, "height": 800, "position": [-2.503799200057983, -2.0713260173797607, 2.3854973316192627], "rotation": [[0.637424647808075, -0.455965608358383, 0.6211161017417907], [-0.7705128192901611, -0.3772081732749939, 0.5138327479362488], [3.3725612109687426e-18, -0.8061075210571289, -0.5917690396308899]], "fy": 1111.1110311937682, "fx": 1111.1110311937682}, {"id": 37, "img_name": "r_37", "width": 800, "height": 800, "position": [-2.3858535289764395, -2.240468740463257, 2.353296041488648], "rotation": [[0.6845476031303408, -0.42555776238441456, 0.5918574333190917], [-0.7289682030677795, -0.39962583780288696, 0.5557918548583984], [-1.4901162973937506e-08, -0.8119112253189088, -0.5837808847427369]], "fy": 1111.1110311937682, "fx": 1111.1110311937682}, {"id": 38, "img_name": "r_38", "width": 800, "height": 800, "position": [-2.256495714187622, -2.402927398681641, 2.3203806877136235], "rotation": [[0.7289691567420957, -0.39403563737869257, 0.5597676634788512], [-0.6845465302467346, -0.41960600018501276, 0.5960929393768309], [1.4901163076462314e-08, -0.8177202939987182, -0.5756155848503113]], "fy": 1111.1110311937682, "fx": 1111.1110311937682}, {"id": 39, "img_name": "r_39", "width": 800, "height": 800, "position": [-2.1160778999328613, -2.5579028129577632, 2.2867767810821538], "rotation": [[0.7705137133598328, -0.3615972399711609, 0.5249342918395996], [-0.6374233961105347, -0.43709668517112726, 0.6345375776290892], [-5.311108454759715e-17, -0.8235253095626831, -0.5672795176506042]], "fy": 1111.1110311937682, "fx": 1111.1110311937682}, {"id": 40, "img_name": "r_40", "width": 800, "height": 800, "position": [-1.9650115966796873, -2.7046108245849605, 2.252511978149414], "rotation": [[0.8090174198150635, -0.32844194769859314, 0.4874593615531922], [-0.5877846479415894, -0.4520623087882995, 0.6709313392639162], [4.5265857178634936e-17, -0.829316258430481, -0.5587794184684753]], "fy": 1111.1110311937682, "fx": 1111.1110311937682}, {"id": 41, "img_name": "r_41", "width": 800, "height": 800, "position": [-1.8037680387496948, -2.842288732528686, 2.217614650726318], "rotation": [[0.8443282246589661, -0.294770061969757, 0.4474597871303558], [-0.5358260869979857, -0.46448409557342524, 0.705085039138794], [-6.241934935199304e-17, -0.8350839614868164, -0.5501224994659424]], "fy": 1111.1110311937682, "fx": 1111.1110311937682}, {"id": 42, "img_name": "r_42", "width": 800, "height": 800, "position": [-1.6328773498535158, -2.9701988697052, 2.1821160316467285], "rotation": [[0.8763071298599243, -0.2607807517051697, 0.4050669968128205], [-0.4817529618740083, -0.474359393119812, 0.7368156313896181], [-9.412963039245248e-17, -0.8408190011978149, -0.5413163304328917]], "fy": 1111.1110311937682, "fx": 1111.1110311937682}, {"id": 43, "img_name": "r_43", "width": 800, "height": 800, "position": [-1.4529269933700562, -3.087634086608887, 2.1460473537445064], "rotation": [[0.9048274755477903, -0.2266711741685867, 0.3604268133640289], [-0.42577847838401794, -0.481701910495758, 0.7659477591514589], [1.490116122123045e-08, -0.8465124368667601, -0.5323688387870789]], "fy": 1111.1110311937682, "fx": 1111.1110311937682}, {"id": 44, "img_name": "r_44", "width": 800, "height": 800, "position": [-1.264560103416443, -3.1939225196838383, 2.1094422340393066], "rotation": [[0.9297768473625185, -0.19263479113578802, 0.31369873881340027], [-0.3681237101554871, -0.4865412712097169, 0.7923146486282348], [1.4901161165547797e-08, -0.8521557450294496, -0.5232881903648376]], "fy": 1111.1110311937682, "fx": 1111.1110311937682}, {"id": 45, "img_name": "r_45", "width": 800, "height": 800, "position": [-1.0684733390808105, -3.2884328365325923, 2.0723357200622554], "rotation": [[0.9510567784309387, -0.15885998308658603, 0.2650555968284607], [-0.3090161085128784, -0.4889222979545593, 0.8157597780227661], [8.0411081727238e-18, -0.85774028301239, -0.514083206653595]], "fy": 1111.1110311937682, "fx": 1111.1110311937682}, {"id": 46, "img_name": "r_46", "width": 800, "height": 800, "position": [-0.8654139637947084, -3.3705780506134033, 2.0347635746002193], "rotation": [[0.9685834050178528, -0.12552893161773682, 0.21468277275562292], [-0.24868896603584295, -0.4889048337936401, 0.8361374735832215], [-2.8239068998415614e-17, -0.8632582426071166, -0.5047627091407775]], "fy": 1111.1110311937682, "fx": 1111.1110311937682}, {"id": 47, "img_name": "r_47", "width": 800, "height": 800, "position": [-0.6561774611473083, -3.439820766448975, 1.9967634677886967], "rotation": [[0.9822873473167419, -0.09281624853610991, 0.16277758777141574], [-0.1873803436756134, -0.4865623712539672, 0.853314518928528], [1.2658710160817651e-17, -0.86870139837265, -0.49533605575561523]], "fy": 1111.1110311937682, "fx": 1111.1110311937682}, {"id": 48, "img_name": "r_48", "width": 800, "height": 800, "position": [-0.44160315394401545, -3.49567699432373, 1.9583741426467893], "rotation": [[0.9921148419380189, -0.06088800355792046, 0.10954825580120088], [-0.125332236289978, -0.4819820523262024, 0.8671707510948181], [-5.751148675503371e-18, -0.8740628361701965, -0.4858128130435944]], "fy": 1111.1110311937682, "fx": 1111.1110311937682}, {"id": 49, "img_name": "r_49", "width": 800, "height": 800, "position": [-0.2225708365440369, -3.537719726562501, 1.9196357727050783], "rotation": [[0.9980268478393555, -0.02990054897964001, 0.05521302670240402], [-0.06278950721025468, -0.47526335716247564, 0.8776002526283265], [-1.100908233516358e-18, -0.8793353438377381, -0.4762030243873596]], "fy": 1111.1110311937682, "fx": 1111.1110311937682}, {"id": 50, "img_name": "r_50", "width": 800, "height": 800, "position": [3.7121180866961363e-06, -3.565582990646362, 1.8805897235870364], "rotation": [[1.0, 4.856893838223187e-07, -9.208631581714144e-07], [1.0410971071905808e-06, -0.4665168523788454, 0.8845122456550597], [2.842171287439449e-14, -0.8845122456550599, -0.46651688218116766]], "fy": 1111.1110311937682, "fx": 1111.1110311937682}, {"id": 51, "img_name": "r_51", "width": 800, "height": 800, "position": [0.22517324984073636, -3.578965425491334, 1.8412775993347166], "rotation": [[0.9980266690254211, 0.02868098206818103, -0.05585860833525657], [0.06279158592224121, -0.4558634161949157, 0.8878320455551149], [-2.1717931385064916e-18, -0.8895875811576842, -0.4567647576332092]], "fy": 1111.1110311937682, "fx": 1111.1110311937682}, {"id": 52, "img_name": "r_52", "width": 800, "height": 800, "position": [0.45196399092674255, -3.577631950378417, 1.801743030548096], "rotation": [[0.9921146035194397, 0.056019108742475524, -0.1121184602379799], [0.12533432245254514, -0.4434330165386201, 0.8875011801719666], [-3.725290303101775e-09, -0.8945552706718446, -0.44695740938186657]], "fy": 1111.1110311937682, "fx": 1111.1110311937682}, {"id": 53, "img_name": "r_53", "width": 800, "height": 800, "position": [0.679380774497986, -3.5614171028137216, 1.7620300054550173], "rotation": [[0.9822870492935181, 0.08190595358610152, -0.16853362321853638], [0.18738241493701932, -0.4293634593486785, 0.8834788203239441], [-1.2784950098884e-17, -0.8994100093841552, -0.43710583448410034]], "fy": 1111.1110311937682, "fx": 1111.1110311937682}, {"id": 54, "img_name": "r_54", "width": 800, "height": 800, "position": [0.906412482261658, -3.5302267074584965, 1.7221834659576414], "rotation": [[0.9685828685760498, 0.10624606162309647, -0.22485326230525976], [0.2486909925937653, -0.41379907727241516, 0.8757414221763611], [7.450580624465106e-09, -0.9041471481323242, -0.427221119403839]], "fy": 1111.1110311937682, "fx": 1111.1110311937682}, {"id": 55, "img_name": "r_55", "width": 800, "height": 800, "position": [1.132037401199341, -3.484039306640625, 1.682249188423157], "rotation": [[0.9510562419891359, 0.12895776331424713, -0.2808239161968231], [0.30901810526847845, -0.3968896269798279, 0.8642837405204772], [-2.7007239179375196e-17, -0.908761978149414, -0.41731464862823486]], "fy": 1111.1110311937682, "fx": 1111.1110311937682}, {"id": 56, "img_name": "r_56", "width": 800, "height": 800, "position": [1.355229377746582, -3.422906875610351, 1.642273187637329], "rotation": [[0.9297760128974915, 0.149973601102829, -0.3361909985542298], [0.3681256473064422, -0.37878876924514776, 0.8491185903549192], [1.1293894794410228e-17, -0.913250744342804, -0.40739780664443975]], "fy": 1111.1110311937682, "fx": 1111.1110311937682}, {"id": 57, "img_name": "r_57", "width": 800, "height": 800, "position": [1.574963092803955, -3.346956491470337, 1.6023026704788208], "rotation": [[0.904826581478119, 0.16924019157886505, -0.39070025086402893], [0.42578041553497314, -0.359652578830719, 0.8302776813507081], [-3.3549720628081487e-17, -0.9176098108291626, -0.3974823653697968]], "fy": 1111.1110311937682, "fx": 1111.1110311937682}, {"id": 58, "img_name": "r_58", "width": 800, "height": 800, "position": [1.790220022201538, -3.2563886642456055, 1.5623846054077144], "rotation": [[0.8763061165809631, 0.18671846389770505, -0.44409891963005066], [0.48175472021102905, -0.3396386504173278, 0.8078106045722961], [-8.0923855806940235e-19, -0.9218361377716063, -0.3875799179077148]], "fy": 1111.1110311937682, "fx": 1111.1110311937682}, {"id": 59, "img_name": "r_59", "width": 800, "height": 800, "position": [1.9999942779541016, -3.1514778137207022, 1.5225665569305418], "rotation": [[0.8443272709846497, 0.2023834437131882, -0.49613755941390997], [0.535827934741974, -0.31890437006950384, 0.7817854881286622], [-2.5492074099632255e-17, -0.9259270429611206, -0.3777023255825043]], "fy": 1111.1110311937682, "fx": 1111.1110311937682}, {"id": 60, "img_name": "r_60", "width": 800, "height": 800, "position": [2.2032985687255855, -3.0325720310211177, 1.4828966856002803], "rotation": [[0.809016227722168, 0.21622391045093536, -0.5465710759162902], [0.5877862572669982, -0.2976058721542358, 0.7522885203361509], [4.219964498940618e-17, -0.929880678653717, -0.3678613901138305]], "fy": 1111.1110311937682, "fx": 1111.1110311937682}, {"id": 61, "img_name": "r_61", "width": 800, "height": 800, "position": [2.3991692066192627, -2.900089502334595, 1.4434226751327515], "rotation": [[0.7705124616622925, 0.22824217379093173, -0.5951606035232544], [0.6374250650405885, -0.2758966386318207, 0.7194236516952515], [3.2762754519023745e-17, -0.9336950182914735, -0.3580690920352936]], "fy": 1111.1110311937682, "fx": 1111.1110311937682}, {"id": 62, "img_name": "r_62", "width": 800, "height": 800, "position": [2.586671829223633, -2.754518270492554, 1.4041924476623535], "rotation": [[0.7289677262306211, 0.23845364153385162, -0.6416743993759154], [0.6845480799674988, -0.2539266347885132, 0.6833119392395021], [7.26403709844089e-18, -0.9373692274093628, -0.348337322473526]], "fy": 1111.1110311937682, "fx": 1111.1110311937682}, {"id": 63, "img_name": "r_63", "width": 800, "height": 800, "position": [2.7649075984954843, -2.596414089202881, 1.3652542829513552], "rotation": [[0.6845461726188662, 0.24688589572906494, -0.6858890652656556], [0.7289695739746095, -0.23184068500995642, 0.644091010093689], [-1.4901161202895672e-08, -0.9409024119377137, -0.33867788314819336]], "fy": 1111.1110311937682, "fx": 1111.1110311937682}, {"id": 64, "img_name": "r_64", "width": 800, "height": 800, "position": [2.933016300201416, -2.426396369934082, 1.3266556262969973], "rotation": [[0.6374230384826659, 0.25357830524444586, -0.7275917530059814], [0.7705140113830566, -0.20977771282196045, 0.6019147634506226], [-1.490116118816e-08, -0.9442941546440126, -0.3291027247905732]], "fy": 1111.1110311937682, "fx": 1111.1110311937682}, {"id": 65, "img_name": "r_65", "width": 800, "height": 800, "position": [3.0901839733123775, -2.2451446056365967, 1.2884440422058105], "rotation": [[0.5877843499183654, 0.2585811913013459, -0.7665802836418152], [0.8090176582336426, -0.1878697723150253, 0.5569518208503723], [8.801629756756859e-18, -0.9475446343421936, -0.3196236193180084]], "fy": 1111.1110311937682, "fx": 1111.1110311937682}, {"id": 66, "img_name": "r_66", "width": 800, "height": 800, "position": [3.235644340515137, -2.053396701812744, 1.250666618347168], "rotation": [[0.535825788974762, 0.26195481419563293, -0.802664577960968], [0.8443286418914795, -0.16624112427234647, 0.5093850493431091], [-1.5052628749197008e-17, -0.9506542682647705, -0.31025218963623047]], "fy": 1111.1110311937682, "fx": 1111.1110311937682}, {"id": 67, "img_name": "r_67", "width": 800, "height": 800, "position": [3.3686842918395996, -1.851944446563721, 1.213370203971863], "rotation": [[0.48175260424613936, 0.2637685835361482, -0.8356677293777465], [0.8763073682785032, -0.14500756561756134, 0.45941087603569025], [1.4901162979086592e-08, -0.9536240696907045, -0.30100008845329296]], "fy": 1111.1110311937682, "fx": 1111.1110311937682}, {"id": 68, "img_name": "r_68", "width": 800, "height": 800, "position": [3.4886484146118164, -1.64162802696228, 1.1766008138656616], "rotation": [[0.42577821016311646, 0.2640999257564545, -0.8654270768165588], [0.9048275947570801, -0.12427559494972226, 0.4072377681732177], [7.450581482588446e-09, -0.9564552307128906, -0.2918787002563477]], "fy": 1111.1110311937682, "fx": 1111.1110311937682}, {"id": 69, "img_name": "r_69", "width": 800, "height": 800, "position": [3.594941377639771, -1.4233325719833374, 1.1404037475585938], "rotation": [[0.3681233525276183, 0.2630332708358764, -0.8917952775955199], [0.9297769665718078, -0.10414184629917145, 0.3530853986740113], [1.1065130337323772e-17, -0.9591495394706725, -0.2828993797302246]], "fy": 1111.1110311937682, "fx": 1111.1110311937682}, {"id": 70, "img_name": "r_70", "width": 800, "height": 800, "position": [3.6870310306549072, -1.1979837417602541, 1.1048241853713987], "rotation": [[0.3090157210826873, 0.2606591582298278, -0.9146398305892945], [0.9510568976402283, -0.08469292521476746, 0.29718318581581116], [-1.2445250971388094e-17, -0.961708903312683, -0.2740731537342071]], "fy": 1111.1110311937682, "fx": 1111.1110311937682}, {"id": 71, "img_name": "r_71", "width": 800, "height": 800, "position": [3.76445198059082, -0.9665415883064271, 1.069905757904053], "rotation": [[0.24868859350681308, 0.2570726573467255, -0.9338455200195312], [0.9685835242271424, -0.06600467860698701, 0.23976944386959081], [-3.725290303891033e-09, -0.9641353487968445, -0.2654109299182892]], "fy": 1111.1110311937682, "fx": 1111.1110311937682}, {"id": 72, "img_name": "r_72", "width": 800, "height": 800, "position": [3.826806306838989, -0.7299969792366029, 1.0356919765472414], "rotation": [[0.187380000948906, 0.25237277150154114, -0.9493138194084166], [0.9822875261306764, -0.04814233258366585, 0.18108996748924258], [-3.725290297190868e-09, -0.9664316773414612, -0.2569235563278198]], "fy": 1111.1110311937682, "fx": 1111.1110311937682}, {"id": 73, "img_name": "r_73", "width": 800, "height": 800, "position": [3.873766660690308, -0.4893650412559508, 1.0022244453430176], "rotation": [[0.12533184885978696, 0.24666087329387662, -0.9609631896018981], [0.9921149015426635, -0.031160164624452587, 0.12139651924371718], [3.6843779442661005e-19, -0.9686007499694824, -0.24862127006053925]], "fy": 1111.1110311937682, "fx": 1111.1110311937682}, {"id": 74, "img_name": "r_74", "width": 800, "height": 800, "position": [3.9050767421722408, -0.24568103253841397, 0.9695447683334352], "rotation": [[0.06278909742832182, 0.24003985524177548, -0.9687302708625792], [0.9980267882347106, -0.015101686120033262, 0.06094596162438391], [-9.313225741554777e-10, -0.9706454873085023, -0.24051445722579962]], "fy": 1111.1110311937682, "fx": 1111.1110311937682}, {"id": 75, "img_name": "r_75", "width": 800, "height": 800, "position": [3.920552492141724, 5.655147106153892e-06, 0.9376928806304932], "rotation": [[-1.4424362007048335e-06, 0.2326129525899887, -0.9725693464279176], [0.9999999403953554, 3.3552933587088784e-07, -1.4028693158252285e-06], [-2.8421709417432853e-14, -0.9725692272186279, -0.2326129674911499]], "fy": 1111.1110311937682, "fx": 1111.1110311937682}, {"id": 76, "img_name": "r_76", "width": 800, "height": 800, "position": [3.9200830459594718, 0.24663649499416354, 0.9067077636718749], "rotation": [[-0.06279198825359344, 0.2244826704263687, -0.9724528789520264], [0.998026728630066, 0.014123584143817423, -0.061182983219623566], [9.313226866863937e-10, -0.9743757247924804, -0.2249265164136886]], "fy": 1111.1110311937682, "fx": 1111.1110311937682}, {"id": 77, "img_name": "r_77", "width": 800, "height": 800, "position": [3.903630256652832, 0.49314910173416143, 0.8766271471977235], "rotation": [[-0.12533472478389737, 0.21574962139129641, -0.9683714509010316], [0.9921145439147948, 0.027255844324827198, -0.12233523279428482], [1.8626453712502788e-09, -0.9760681986808778, -0.21746443212032324]], "fy": 1111.1110311937682, "fx": 1111.1110311937682}, {"id": 78, "img_name": "r_78", "width": 800, "height": 800, "position": [3.8712282180786133, 0.7384824156761168, 0.8474875688552856], "rotation": [[-0.18738281726837158, 0.20651188492774963, -0.9603335261344909], [0.9822869896888733, 0.03939457610249519, -0.18319493532180783], [7.278086279073855e-18, -0.9776507616043091, -0.21023578941822052]], "fy": 1111.1110311937682, "fx": 1111.1110311937682}, {"id": 79, "img_name": "r_79", "width": 800, "height": 800, "position": [3.8229837417602544, 0.9815817475318909, 0.8193241357803344], "rotation": [[-0.24869139492511752, 0.1968637704849243, -0.9483655095100405], [0.9685827493667603, 0.050546355545520776, -0.2435004562139511], [3.72529029691094e-09, -0.9791269302368163, -0.20324930548667905]], "fy": 1111.1110311937682, "fx": 1111.1110311937682}, {"id": 80, "img_name": "r_80", "width": 800, "height": 800, "position": [3.759073972702027, 1.2214037179946902, 0.7921710014343262], "rotation": [[-0.30901849269866943, 0.1868952959775925, -0.9325113892555237], [0.9510560035705566, 0.06072628870606424, -0.30299293994903564], [2.0514943130333898e-18, -0.9805011153221131, -0.19651341438293457]], "fy": 1111.1110311937682, "fx": 1111.1110311937682}, {"id": 81, "img_name": "r_81", "width": 800, "height": 800, "position": [3.6797461509704585, 1.4569213390350342, 0.7660605311393738], "rotation": [[-0.36812603473663336, 0.17669110000133517, -0.9128326773643493], [0.9297758936882019, 0.06995727866888046, -0.3614177107810974], [-1.0093907483502114e-17, -0.9817770719528198, -0.19003622233867645]], "fy": 1111.1110311937682, "fx": 1111.1110311937682}, {"id": 82, "img_name": "r_82", "width": 800, "height": 800, "position": [3.5853147506713863, 1.687128186225891, 0.7410240173339844], "rotation": [[-0.42578077316284185, 0.16633008420467374, -0.8894070982933044], [0.9048263430595398, 0.0782693326473236, -0.4185249805450439], [7.45058058503331e-09, -0.9829587936401366, -0.18382543325424192]], "fy": 1111.1110311937682, "fx": 1111.1110311937682}, {"id": 83, "img_name": "r_83", "width": 800, "height": 800, "position": [3.4761607646942134, 1.9110430479049683, 0.7170910835266116], "rotation": [[-0.4817551374435426, 0.1558846533298493, -0.8623294234275818], [0.8763059377670288, 0.08569864183664322, -0.4740714728832245], [-7.450580597621036e-09, -0.9840505719184877, -0.17788842320442202]], "fy": 1111.1110311937682, "fx": 1111.1110311937682}, {"id": 84, "img_name": "r_84", "width": 800, "height": 800, "position": [3.3527290821075435, 2.12771463394165, 0.6942901611328126], "rotation": [[-0.5358282327651978, 0.14542029798030856, -0.8317096829414368], [0.8443269729614258, 0.09228686988353729, -0.5278210043907166], [-7.450580603366172e-09, -0.9850563406944276, -0.17223219573497775]], "fy": 1111.1110311937682, "fx": 1111.1110311937682}, {"id": 85, "img_name": "r_85", "width": 800, "height": 800, "position": [3.215524911880494, 2.33622407913208, 0.6726480722427367], "rotation": [[-0.5877866148948669, 0.13499520719051367, -0.7976736426353456], [0.8090159893035889, 0.09808011353015898, -0.5795459151268005], [-3.148297860873306e-18, -0.9859799742698668, -0.16686347126960754]], "fy": 1111.1110311937682, "fx": 1111.1110311937682}, {"id": 86, "img_name": "r_86", "width": 800, "height": 800, "position": [3.0651133060455336, 2.535691022872924, 0.652190089225769], "rotation": [[-0.637425363063812, 0.12465994805097586, -0.7603610157966617], [0.7705122232437133, 0.10312803834676741, -0.6290275454521178], [-7.450581489411956e-09, -0.9868254065513612, -0.1617884486913681]], "fy": 1111.1110311937682, "fx": 1111.1110311937682}, {"id": 87, "img_name": "r_87", "width": 800, "height": 800, "position": [2.9021131992340092, 2.7252752780914307, 0.6329401135444641], "rotation": [[-0.6845483779907227, 0.11445745825767521, -0.7199256420135497], [0.7289673686027527, 0.10748308897018431, -0.6760575771331787], [-8.083020579135099e-18, -0.9875965118408203, -0.15701311826705933]], "fy": 1111.1110311937682, "fx": 1111.1110311937682}, {"id": 88, "img_name": "r_88", "width": 800, "height": 800, "position": [2.7271976470947266, 2.9041807651519775, 0.6149204969406129], "rotation": [[-0.7289698123931886, 0.10442268103361131, -0.6765344142913818], [0.6845458149909973, 0.11119923740625379, -0.720438480377197], [-7.450580614094888e-09, -0.9882968068122864, -0.15254297852516174]], "fy": 1111.1110311937682, "fx": 1111.1110311937682}, {"id": 89, "img_name": "r_89", "width": 800, "height": 800, "position": [2.5410878658294678, 3.0716586112976074, 0.5981520414352416], "rotation": [[-0.7705144286155701, 0.09458284825086592, -0.630366325378418], [0.6374226808547975, 0.11433143168687819, -0.7619847059249878], [7.450581485696575e-09, -0.9889299273490905, -0.14838325977325437]], "fy": 1111.1110311937682, "fx": 1111.1110311937682}, {"id": 90, "img_name": "r_90", "width": 800, "height": 800, "position": [2.3445510864257812, 3.2270100116729745, 0.5826539993286133], "rotation": [[-0.8090180754661561, 0.08495748788118362, -0.5816116333007812], [0.5877838134765626, 0.1169343888759613, -0.800522744655609], [-7.450580608987113e-09, -0.9894990921020508, -0.1445386856794357]], "fy": 1111.1110311937682, "fx": 1111.1110311937682}, {"id": 91, "img_name": "r_91", "width": 800, "height": 800, "position": [2.1383974552154545, 3.3695886135101314, 0.5684441328048706], "rotation": [[-0.8443289399147034, 0.07555867731571198, -0.5304710865020752], [0.535825252532959, 0.11906189471483232, -0.8358920216560364], [-1.2193789184160975e-18, -0.9900076985359192, -0.14101363718509674]], "fy": 1111.1110311937682, "fx": 1111.1110311937682}, {"id": 92, "img_name": "r_92", "width": 800, "height": 800, "position": [1.9234746694564822, 3.498802900314331, 0.5555387735366822], "rotation": [[-0.8763076066970825, 0.06639131903648378, -0.4771553277969361], [0.4817520678043366, 0.12076588720083235, -0.8679461479187012], [-3.7252907373276835e-09, -0.9904583692550659, -0.1378122121095658]], "fy": 1111.1110311937682, "fx": 1111.1110311937682}, {"id": 93, "img_name": "r_93", "width": 800, "height": 800, "position": [1.7006664276123042, 3.6141180992126474, 0.543952465057373], "rotation": [[-0.904827892780304, 0.05745357647538185, -0.4218834042549133], [0.4257775843143463, 0.12209566682577133, -0.8965523242950443], [-8.671892391377687e-18, -0.9908540248870851, -0.13493800163269046]], "fy": 1111.1110311937682, "fx": 1111.1110311937682}, {"id": 94, "img_name": "r_94", "width": 800, "height": 800, "position": [1.470887184143066, 3.7150580883026114, 0.5336983799934387], "rotation": [[-0.9297771453857422, 0.04873733967542649, -0.3648822009563446], [0.3681226968765259, 0.12309717386960986, -0.9215924739837644], [-3.4346512899860907e-18, -0.9911970496177674, -0.13239426910877228]], "fy": 1111.1110311937682, "fx": 1111.1110311937682}, {"id": 95, "img_name": "r_95", "width": 800, "height": 800, "position": [1.2350789308547976, 3.801207304000854, 0.5247880816459657], "rotation": [[-0.9510571956634521, 0.04022879898548126, -0.3063853979110718], [0.30901512503623957, 0.12381233274936675, -0.9429636001586912], [-6.96853573639781e-18, -0.9914898276329042, -0.13018392026424408]], "fy": 1111.1110311937682, "fx": 1111.1110311937682}, {"id": 96, "img_name": "r_96", "width": 800, "height": 800, "position": [0.9942068457603453, 3.8722116947174077, 0.5172316431999208], "rotation": [[-0.9685837030410768, 0.031908996403217316, -0.24663236737251282], [0.24868799746036527, 0.12427836656570432, -0.9605774879455565], [3.7252907480882395e-09, -0.9917340874671937, -0.12830938398838043]], "fy": 1111.1110311937682, "fx": 1111.1110311937682}, {"id": 97, "img_name": "r_97", "width": 800, "height": 800, "position": [0.7492559552192689, 3.9277801513671884, 0.5110374689102175], "rotation": [[-0.9822877049446106, 0.023754602298140533, -0.18586751818656924], [0.18737934529781347, 0.12452735006809235, -0.9743623137474059], [7.729196591695861e-19, -0.9919318556785586, -0.12677279114723208]], "fy": 1111.1110311937682, "fx": 1111.1110311937682}, {"id": 98, "img_name": "r_98", "width": 800, "height": 800, "position": [0.5012269616127015, 3.9676845073699956, 0.5062126517295837], "rotation": [[-0.9921149015426636, 0.015738580375909805, -0.12433910369873047], [0.12533120810985562, 0.12458572536706923, -0.9842613935470581], [-2.206602464406008e-19, -0.9920840263366699, -0.12557590007781982]], "fy": 1111.1110311937682, "fx": 1111.1110311937682}, {"id": 99, "img_name": "r_99", "width": 800, "height": 800, "position": [0.2511321008205414, 3.9917616844177237, 0.5027624368667603], "rotation": [[-0.9980269074440002, 0.007830976508557798, -0.06229821220040323], [0.0627884641289711, 0.1244739145040512, -0.9902343153953552], [4.656612885665555e-10, -0.9921919703483582, -0.1247200220823288]], "fy": 1111.1110311937682, "fx": 1111.1110311937682}, {"id": 100, "img_name": "r_100", "width": 800, "height": 800, "position": [-8.328596777573694e-06, 3.9999136924743643, 0.5006908178329468], "rotation": [[-1.0, -2.58621213333754e-07, 2.0660704649344552e-06], [-2.082194214381161e-06, 0.12420611083507536, -0.9922564625740052], [-2.842170940152091e-14, -0.992256462574005, -0.12420610338449478]], "fy": 11